256
0 8
8 8
16 8
24 8
32 8
40 8
48 8
56 8
64 8
72 8
80 8
88 8
96 8
104 8
112 8
120 8
128 8
136 8
144 8
152 8
160 8
168 8
176 8
184 8
192 8
200 8
208 8
216 8
224 8
232 8
240 8
248 8
256 8
264 8
272 8
280 8
288 8
296 8
304 8
312 8
320 8
328 8
336 8
344 8
352 8
360 8
368 8
376 8
384 8
392 8
400 8
408 8
416 8
424 8
432 8
440 8
448 8
456 8
464 8
472 8
480 8
488 8
496 8
504 8
512 8
520 8
528 8
536 8
544 8
552 8
560 8
568 8
576 8
584 8
592 8
600 8
608 8
616 8
624 8
632 8
640 8
648 8
656 8
664 8
672 8
680 8
688 8
696 8
704 8
712 8
720 8
728 8
736 8
744 8
752 8
760 8
768 8
776 8
784 8
792 8
800 8
808 8
816 8
824 8
832 8
840 8
848 8
856 8
864 8
872 8
880 8
888 8
896 8
904 8
912 8
920 8
928 8
936 8
944 8
952 8
960 8
968 8
976 8
984 8
992 8
1000 8
1008 8
1016 8
1024 8
1032 8
1040 8
1048 8
1056 8
1064 8
1072 8
1080 8
1088 8
1096 8
1104 8
1112 8
1120 8
1128 8
1136 8
1144 8
1152 8
1160 8
1168 8
1176 8
1184 8
1192 8
1200 8
1208 8
1216 8
1224 8
1232 8
1240 8
1248 8
1256 8
1264 8
1272 8
1280 8
1288 8
1296 8
1304 8
1312 8
1320 8
1328 8
1336 8
1344 8
1352 8
1360 8
1368 8
1376 8
1384 8
1392 8
1400 8
1408 8
1416 8
1424 8
1432 8
1440 8
1448 8
1456 8
1464 8
1472 8
1480 8
1488 8
1496 8
1504 8
1512 8
1520 8
1528 8
1536 8
1544 8
1552 8
1560 8
1568 8
1576 8
1584 8
1592 8
1600 8
1608 8
1616 8
1624 8
1632 8
1640 8
1648 8
1656 8
1664 8
1672 8
1680 8
1688 8
1696 8
1704 8
1712 8
1720 8
1728 8
1736 8
1744 8
1752 8
1760 8
1768 8
1776 8
1784 8
1792 8
1800 8
1808 8
1816 8
1824 8
1832 8
1840 8
1848 8
1856 8
1864 8
1872 8
1880 8
1888 8
1896 8
1904 8
1912 8
1920 8
1928 8
1936 8
1944 8
1952 8
1960 8
1968 8
1976 8
1984 8
1992 8
2000 8
2008 8
2016 8
2024 8
2032 8
2040 8
0
2048
1 1
2 1
3 1
4 1
5 1
6 1
7 1
8 1
2 1
3 1
4 1
5 1
6 1
7 1
8 1
9 1
3 1
4 1
5 1
6 1
7 1
8 1
9 1
10 1
4 1
5 1
6 1
7 1
8 1
9 1
10 1
11 1
5 1
6 1
7 1
8 1
9 1
10 1
11 1
12 1
6 1
7 1
8 1
9 1
10 1
11 1
12 1
13 1
7 1
8 1
9 1
10 1
11 1
12 1
13 1
14 1
8 1
9 1
10 1
11 1
12 1
13 1
14 1
15 1
9 1
10 1
11 1
12 1
13 1
14 1
15 1
16 1
10 1
11 1
12 1
13 1
14 1
15 1
16 1
17 1
11 1
12 1
13 1
14 1
15 1
16 1
17 1
18 1
12 1
13 1
14 1
15 1
16 1
17 1
18 1
19 1
13 1
14 1
15 1
16 1
17 1
18 1
19 1
20 1
14 1
15 1
16 1
17 1
18 1
19 1
20 1
21 1
15 1
16 1
17 1
18 1
19 1
20 1
21 1
22 1
16 1
17 1
18 1
19 1
20 1
21 1
22 1
23 1
17 1
18 1
19 1
20 1
21 1
22 1
23 1
24 1
18 1
19 1
20 1
21 1
22 1
23 1
24 1
25 1
19 1
20 1
21 1
22 1
23 1
24 1
25 1
26 1
20 1
21 1
22 1
23 1
24 1
25 1
26 1
27 1
21 1
22 1
23 1
24 1
25 1
26 1
27 1
28 1
22 1
23 1
24 1
25 1
26 1
27 1
28 1
29 1
23 1
24 1
25 1
26 1
27 1
28 1
29 1
30 1
24 1
25 1
26 1
27 1
28 1
29 1
30 1
31 1
25 1
26 1
27 1
28 1
29 1
30 1
31 1
32 1
26 1
27 1
28 1
29 1
30 1
31 1
32 1
33 1
27 1
28 1
29 1
30 1
31 1
32 1
33 1
34 1
28 1
29 1
30 1
31 1
32 1
33 1
34 1
35 1
29 1
30 1
31 1
32 1
33 1
34 1
35 1
36 1
30 1
31 1
32 1
33 1
34 1
35 1
36 1
37 1
31 1
32 1
33 1
34 1
35 1
36 1
37 1
38 1
32 1
33 1
34 1
35 1
36 1
37 1
38 1
39 1
33 1
34 1
35 1
36 1
37 1
38 1
39 1
40 1
34 1
35 1
36 1
37 1
38 1
39 1
40 1
41 1
35 1
36 1
37 1
38 1
39 1
40 1
41 1
42 1
36 1
37 1
38 1
39 1
40 1
41 1
42 1
43 1
37 1
38 1
39 1
40 1
41 1
42 1
43 1
44 1
38 1
39 1
40 1
41 1
42 1
43 1
44 1
45 1
39 1
40 1
41 1
42 1
43 1
44 1
45 1
46 1
40 1
41 1
42 1
43 1
44 1
45 1
46 1
47 1
41 1
42 1
43 1
44 1
45 1
46 1
47 1
48 1
42 1
43 1
44 1
45 1
46 1
47 1
48 1
49 1
43 1
44 1
45 1
46 1
47 1
48 1
49 1
50 1
44 1
45 1
46 1
47 1
48 1
49 1
50 1
51 1
45 1
46 1
47 1
48 1
49 1
50 1
51 1
52 1
46 1
47 1
48 1
49 1
50 1
51 1
52 1
53 1
47 1
48 1
49 1
50 1
51 1
52 1
53 1
54 1
48 1
49 1
50 1
51 1
52 1
53 1
54 1
55 1
49 1
50 1
51 1
52 1
53 1
54 1
55 1
56 1
50 1
51 1
52 1
53 1
54 1
55 1
56 1
57 1
51 1
52 1
53 1
54 1
55 1
56 1
57 1
58 1
52 1
53 1
54 1
55 1
56 1
57 1
58 1
59 1
53 1
54 1
55 1
56 1
57 1
58 1
59 1
60 1
54 1
55 1
56 1
57 1
58 1
59 1
60 1
61 1
55 1
56 1
57 1
58 1
59 1
60 1
61 1
62 1
56 1
57 1
58 1
59 1
60 1
61 1
62 1
63 1
57 1
58 1
59 1
60 1
61 1
62 1
63 1
64 1
58 1
59 1
60 1
61 1
62 1
63 1
64 1
65 1
59 1
60 1
61 1
62 1
63 1
64 1
65 1
66 1
60 1
61 1
62 1
63 1
64 1
65 1
66 1
67 1
61 1
62 1
63 1
64 1
65 1
66 1
67 1
68 1
62 1
63 1
64 1
65 1
66 1
67 1
68 1
69 1
63 1
64 1
65 1
66 1
67 1
68 1
69 1
70 1
64 1
65 1
66 1
67 1
68 1
69 1
70 1
71 1
65 1
66 1
67 1
68 1
69 1
70 1
71 1
72 1
66 1
67 1
68 1
69 1
70 1
71 1
72 1
73 1
67 1
68 1
69 1
70 1
71 1
72 1
73 1
74 1
68 1
69 1
70 1
71 1
72 1
73 1
74 1
75 1
69 1
70 1
71 1
72 1
73 1
74 1
75 1
76 1
70 1
71 1
72 1
73 1
74 1
75 1
76 1
77 1
71 1
72 1
73 1
74 1
75 1
76 1
77 1
78 1
72 1
73 1
74 1
75 1
76 1
77 1
78 1
79 1
73 1
74 1
75 1
76 1
77 1
78 1
79 1
80 1
74 1
75 1
76 1
77 1
78 1
79 1
80 1
81 1
75 1
76 1
77 1
78 1
79 1
80 1
81 1
82 1
76 1
77 1
78 1
79 1
80 1
81 1
82 1
83 1
77 1
78 1
79 1
80 1
81 1
82 1
83 1
84 1
78 1
79 1
80 1
81 1
82 1
83 1
84 1
85 1
79 1
80 1
81 1
82 1
83 1
84 1
85 1
86 1
80 1
81 1
82 1
83 1
84 1
85 1
86 1
87 1
81 1
82 1
83 1
84 1
85 1
86 1
87 1
88 1
82 1
83 1
84 1
85 1
86 1
87 1
88 1
89 1
83 1
84 1
85 1
86 1
87 1
88 1
89 1
90 1
84 1
85 1
86 1
87 1
88 1
89 1
90 1
91 1
85 1
86 1
87 1
88 1
89 1
90 1
91 1
92 1
86 1
87 1
88 1
89 1
90 1
91 1
92 1
93 1
87 1
88 1
89 1
90 1
91 1
92 1
93 1
94 1
88 1
89 1
90 1
91 1
92 1
93 1
94 1
95 1
89 1
90 1
91 1
92 1
93 1
94 1
95 1
96 1
90 1
91 1
92 1
93 1
94 1
95 1
96 1
97 1
91 1
92 1
93 1
94 1
95 1
96 1
97 1
98 1
92 1
93 1
94 1
95 1
96 1
97 1
98 1
99 1
93 1
94 1
95 1
96 1
97 1
98 1
99 1
100 1
94 1
95 1
96 1
97 1
98 1
99 1
100 1
101 1
95 1
96 1
97 1
98 1
99 1
100 1
101 1
102 1
96 1
97 1
98 1
99 1
100 1
101 1
102 1
103 1
97 1
98 1
99 1
100 1
101 1
102 1
103 1
104 1
98 1
99 1
100 1
101 1
102 1
103 1
104 1
105 1
99 1
100 1
101 1
102 1
103 1
104 1
105 1
106 1
100 1
101 1
102 1
103 1
104 1
105 1
106 1
107 1
101 1
102 1
103 1
104 1
105 1
106 1
107 1
108 1
102 1
103 1
104 1
105 1
106 1
107 1
108 1
109 1
103 1
104 1
105 1
106 1
107 1
108 1
109 1
110 1
104 1
105 1
106 1
107 1
108 1
109 1
110 1
111 1
105 1
106 1
107 1
108 1
109 1
110 1
111 1
112 1
106 1
107 1
108 1
109 1
110 1
111 1
112 1
113 1
107 1
108 1
109 1
110 1
111 1
112 1
113 1
114 1
108 1
109 1
110 1
111 1
112 1
113 1
114 1
115 1
109 1
110 1
111 1
112 1
113 1
114 1
115 1
116 1
110 1
111 1
112 1
113 1
114 1
115 1
116 1
117 1
111 1
112 1
113 1
114 1
115 1
116 1
117 1
118 1
112 1
113 1
114 1
115 1
116 1
117 1
118 1
119 1
113 1
114 1
115 1
116 1
117 1
118 1
119 1
120 1
114 1
115 1
116 1
117 1
118 1
119 1
120 1
121 1
115 1
116 1
117 1
118 1
119 1
120 1
121 1
122 1
116 1
117 1
118 1
119 1
120 1
121 1
122 1
123 1
117 1
118 1
119 1
120 1
121 1
122 1
123 1
124 1
118 1
119 1
120 1
121 1
122 1
123 1
124 1
125 1
119 1
120 1
121 1
122 1
123 1
124 1
125 1
126 1
120 1
121 1
122 1
123 1
124 1
125 1
126 1
127 1
121 1
122 1
123 1
124 1
125 1
126 1
127 1
128 1
122 1
123 1
124 1
125 1
126 1
127 1
128 1
129 1
123 1
124 1
125 1
126 1
127 1
128 1
129 1
130 1
124 1
125 1
126 1
127 1
128 1
129 1
130 1
131 1
125 1
126 1
127 1
128 1
129 1
130 1
131 1
132 1
126 1
127 1
128 1
129 1
130 1
131 1
132 1
133 1
127 1
128 1
129 1
130 1
131 1
132 1
133 1
134 1
128 1
129 1
130 1
131 1
132 1
133 1
134 1
135 1
129 1
130 1
131 1
132 1
133 1
134 1
135 1
136 1
130 1
131 1
132 1
133 1
134 1
135 1
136 1
137 1
131 1
132 1
133 1
134 1
135 1
136 1
137 1
138 1
132 1
133 1
134 1
135 1
136 1
137 1
138 1
139 1
133 1
134 1
135 1
136 1
137 1
138 1
139 1
140 1
134 1
135 1
136 1
137 1
138 1
139 1
140 1
141 1
135 1
136 1
137 1
138 1
139 1
140 1
141 1
142 1
136 1
137 1
138 1
139 1
140 1
141 1
142 1
143 1
137 1
138 1
139 1
140 1
141 1
142 1
143 1
144 1
138 1
139 1
140 1
141 1
142 1
143 1
144 1
145 1
139 1
140 1
141 1
142 1
143 1
144 1
145 1
146 1
140 1
141 1
142 1
143 1
144 1
145 1
146 1
147 1
141 1
142 1
143 1
144 1
145 1
146 1
147 1
148 1
142 1
143 1
144 1
145 1
146 1
147 1
148 1
149 1
143 1
144 1
145 1
146 1
147 1
148 1
149 1
150 1
144 1
145 1
146 1
147 1
148 1
149 1
150 1
151 1
145 1
146 1
147 1
148 1
149 1
150 1
151 1
152 1
146 1
147 1
148 1
149 1
150 1
151 1
152 1
153 1
147 1
148 1
149 1
150 1
151 1
152 1
153 1
154 1
148 1
149 1
150 1
151 1
152 1
153 1
154 1
155 1
149 1
150 1
151 1
152 1
153 1
154 1
155 1
156 1
150 1
151 1
152 1
153 1
154 1
155 1
156 1
157 1
151 1
152 1
153 1
154 1
155 1
156 1
157 1
158 1
152 1
153 1
154 1
155 1
156 1
157 1
158 1
159 1
153 1
154 1
155 1
156 1
157 1
158 1
159 1
160 1
154 1
155 1
156 1
157 1
158 1
159 1
160 1
161 1
155 1
156 1
157 1
158 1
159 1
160 1
161 1
162 1
156 1
157 1
158 1
159 1
160 1
161 1
162 1
163 1
157 1
158 1
159 1
160 1
161 1
162 1
163 1
164 1
158 1
159 1
160 1
161 1
162 1
163 1
164 1
165 1
159 1
160 1
161 1
162 1
163 1
164 1
165 1
166 1
160 1
161 1
162 1
163 1
164 1
165 1
166 1
167 1
161 1
162 1
163 1
164 1
165 1
166 1
167 1
168 1
162 1
163 1
164 1
165 1
166 1
167 1
168 1
169 1
163 1
164 1
165 1
166 1
167 1
168 1
169 1
170 1
164 1
165 1
166 1
167 1
168 1
169 1
170 1
171 1
165 1
166 1
167 1
168 1
169 1
170 1
171 1
172 1
166 1
167 1
168 1
169 1
170 1
171 1
172 1
173 1
167 1
168 1
169 1
170 1
171 1
172 1
173 1
174 1
168 1
169 1
170 1
171 1
172 1
173 1
174 1
175 1
169 1
170 1
171 1
172 1
173 1
174 1
175 1
176 1
170 1
171 1
172 1
173 1
174 1
175 1
176 1
177 1
171 1
172 1
173 1
174 1
175 1
176 1
177 1
178 1
172 1
173 1
174 1
175 1
176 1
177 1
178 1
179 1
173 1
174 1
175 1
176 1
177 1
178 1
179 1
180 1
174 1
175 1
176 1
177 1
178 1
179 1
180 1
181 1
175 1
176 1
177 1
178 1
179 1
180 1
181 1
182 1
176 1
177 1
178 1
179 1
180 1
181 1
182 1
183 1
177 1
178 1
179 1
180 1
181 1
182 1
183 1
184 1
178 1
179 1
180 1
181 1
182 1
183 1
184 1
185 1
179 1
180 1
181 1
182 1
183 1
184 1
185 1
186 1
180 1
181 1
182 1
183 1
184 1
185 1
186 1
187 1
181 1
182 1
183 1
184 1
185 1
186 1
187 1
188 1
182 1
183 1
184 1
185 1
186 1
187 1
188 1
189 1
183 1
184 1
185 1
186 1
187 1
188 1
189 1
190 1
184 1
185 1
186 1
187 1
188 1
189 1
190 1
191 1
185 1
186 1
187 1
188 1
189 1
190 1
191 1
192 1
186 1
187 1
188 1
189 1
190 1
191 1
192 1
193 1
187 1
188 1
189 1
190 1
191 1
192 1
193 1
194 1
188 1
189 1
190 1
191 1
192 1
193 1
194 1
195 1
189 1
190 1
191 1
192 1
193 1
194 1
195 1
196 1
190 1
191 1
192 1
193 1
194 1
195 1
196 1
197 1
191 1
192 1
193 1
194 1
195 1
196 1
197 1
198 1
192 1
193 1
194 1
195 1
196 1
197 1
198 1
199 1
193 1
194 1
195 1
196 1
197 1
198 1
199 1
200 1
194 1
195 1
196 1
197 1
198 1
199 1
200 1
201 1
195 1
196 1
197 1
198 1
199 1
200 1
201 1
202 1
196 1
197 1
198 1
199 1
200 1
201 1
202 1
203 1
197 1
198 1
199 1
200 1
201 1
202 1
203 1
204 1
198 1
199 1
200 1
201 1
202 1
203 1
204 1
205 1
199 1
200 1
201 1
202 1
203 1
204 1
205 1
206 1
200 1
201 1
202 1
203 1
204 1
205 1
206 1
207 1
201 1
202 1
203 1
204 1
205 1
206 1
207 1
208 1
202 1
203 1
204 1
205 1
206 1
207 1
208 1
209 1
203 1
204 1
205 1
206 1
207 1
208 1
209 1
210 1
204 1
205 1
206 1
207 1
208 1
209 1
210 1
211 1
205 1
206 1
207 1
208 1
209 1
210 1
211 1
212 1
206 1
207 1
208 1
209 1
210 1
211 1
212 1
213 1
207 1
208 1
209 1
210 1
211 1
212 1
213 1
214 1
208 1
209 1
210 1
211 1
212 1
213 1
214 1
215 1
209 1
210 1
211 1
212 1
213 1
214 1
215 1
216 1
210 1
211 1
212 1
213 1
214 1
215 1
216 1
217 1
211 1
212 1
213 1
214 1
215 1
216 1
217 1
218 1
212 1
213 1
214 1
215 1
216 1
217 1
218 1
219 1
213 1
214 1
215 1
216 1
217 1
218 1
219 1
220 1
214 1
215 1
216 1
217 1
218 1
219 1
220 1
221 1
215 1
216 1
217 1
218 1
219 1
220 1
221 1
222 1
216 1
217 1
218 1
219 1
220 1
221 1
222 1
223 1
217 1
218 1
219 1
220 1
221 1
222 1
223 1
224 1
218 1
219 1
220 1
221 1
222 1
223 1
224 1
225 1
219 1
220 1
221 1
222 1
223 1
224 1
225 1
226 1
220 1
221 1
222 1
223 1
224 1
225 1
226 1
227 1
221 1
222 1
223 1
224 1
225 1
226 1
227 1
228 1
222 1
223 1
224 1
225 1
226 1
227 1
228 1
229 1
223 1
224 1
225 1
226 1
227 1
228 1
229 1
230 1
224 1
225 1
226 1
227 1
228 1
229 1
230 1
231 1
225 1
226 1
227 1
228 1
229 1
230 1
231 1
232 1
226 1
227 1
228 1
229 1
230 1
231 1
232 1
233 1
227 1
228 1
229 1
230 1
231 1
232 1
233 1
234 1
228 1
229 1
230 1
231 1
232 1
233 1
234 1
235 1
229 1
230 1
231 1
232 1
233 1
234 1
235 1
236 1
230 1
231 1
232 1
233 1
234 1
235 1
236 1
237 1
231 1
232 1
233 1
234 1
235 1
236 1
237 1
238 1
232 1
233 1
234 1
235 1
236 1
237 1
238 1
239 1
233 1
234 1
235 1
236 1
237 1
238 1
239 1
240 1
234 1
235 1
236 1
237 1
238 1
239 1
240 1
241 1
235 1
236 1
237 1
238 1
239 1
240 1
241 1
242 1
236 1
237 1
238 1
239 1
240 1
241 1
242 1
243 1
237 1
238 1
239 1
240 1
241 1
242 1
243 1
244 1
238 1
239 1
240 1
241 1
242 1
243 1
244 1
245 1
239 1
240 1
241 1
242 1
243 1
244 1
245 1
246 1
240 1
241 1
242 1
243 1
244 1
245 1
246 1
247 1
241 1
242 1
243 1
244 1
245 1
246 1
247 1
248 1
242 1
243 1
244 1
245 1
246 1
247 1
248 1
249 1
243 1
244 1
245 1
246 1
247 1
248 1
249 1
250 1
244 1
245 1
246 1
247 1
248 1
249 1
250 1
251 1
245 1
246 1
247 1
248 1
249 1
250 1
251 1
252 1
246 1
247 1
248 1
249 1
250 1
251 1
252 1
253 1
247 1
248 1
249 1
250 1
251 1
252 1
253 1
254 1
248 1
249 1
250 1
251 1
252 1
253 1
254 1
255 1
249 1
250 1
251 1
252 1
253 1
254 1
255 1
0 1
250 1
251 1
252 1
253 1
254 1
255 1
0 1
1 1
251 1
252 1
253 1
254 1
255 1
0 1
1 1
2 1
252 1
253 1
254 1
255 1
0 1
1 1
2 1
3 1
253 1
254 1
255 1
0 1
1 1
2 1
3 1
4 1
254 1
255 1
0 1
1 1
2 1
3 1
4 1
5 1
255 1
0 1
1 1
2 1
3 1
4 1
5 1
6 1
0 1
1 1
2 1
3 1
4 1
5 1
6 1
7 1
